0.0
2.4506506884297288
4.9013013768594575
7.351952065289186
9.802602753718915
12.253253442148644
14.703904130578373
17.1545548190081
19.60520550743783
22.05585619586756
24.506506884297288
26.957157572727017
29.407808261156745
31.858458949586474
34.3091096380162
36.75976032644593
39.21041101487566
41.66106170330539
44.11171239173512
46.56236308016484
49.013013768594575
51.46366445702431
53.91431514545403
56.36496583388376
58.81561652231349
61.26626721074322
63.71691789917295
66.16756858760267
68.6182192760324
71.06886996446214
73.51952065289186
75.97017134132159
78.42082202975132
80.87147271818105
83.32212340661079
85.7727740950405
88.22342478347024
90.67407547189997
93.12472616032969
95.57537684875942
98.02602753718915
100.47667822561888
102.92732891404862
105.37797960247833
107.82863029090807
110.2792809793378
112.72993166776752
115.18058235619725
117.63123304462698
120.08188373305671
122.53253442148645
124.98318510991616
127.4338357983459
129.88448648677561
132.33513717520535
134.78578786363508
137.2364385520648
139.68708924049454
142.13773992892428
144.588390617354
147.0390413057837
149.48969199421344
151.94034268264318
154.3909933710729
156.84164405950264
159.29229474793237
161.7429454363621
164.19359612479184
166.64424681322157
169.09489750165127
171.545548190081
173.99619887851074
176.44684956694047
178.8975002553702
181.34815094379994
183.79880163222967
186.24945232065937
188.7001030090891
191.15075369751884
193.60140438594857
196.0520550743783
198.50270576280803
200.95335645123777
203.4040071396675
205.85465782809723
208.30530851652694
210.75595920495667
213.2066098933864
215.65726058181613
218.10791127024586
220.5585619586756
223.00921264710533
225.45986333553503
227.91051402396477
230.3611647123945
232.81181540082423
235.26246608925396
237.7131167776837
240.16376746611343
242.61441815454316

0.0
1.1285032350751645
2.2339757918834886
3.316417670424973
4.375828870699617
5.412209392707421
6.425559236448384
7.415878401922508
8.383166889129793
9.327424698070237
10.248651828743839
11.146848281150604
12.022014055290526
12.874149151163609
13.703253568769853
14.509327308109256
15.29237036918182
16.052382751987544
16.789364456526425
17.503315482798467
18.19423583080367
18.862125500542035
19.506984492013554
20.12881280521824
20.727610440156077
21.30337739682708
21.856113675231242
22.385819275368565
22.892494197239046
23.37613844084269
23.836752006179495
24.274334893249453
24.688887102052576
25.080408632588856
25.448899484858302
25.7943596588609
26.11678915459666
26.41618797206558
26.692556111267667
26.945893572202902
27.176200354871305
27.383476459272867
27.56772188540759
27.728936633275467
27.86712070287651
27.982274094210705
28.07439680727807
28.14348884207859
28.189550198612267
28.212580876879112
28.21258087687911
28.189550198612274
28.14348884207859
28.074396807278077
27.98227409421071
27.86712070287652
27.728936633275467
27.567721885407593
27.38347645927287
27.176200354871305
26.945893572202912
26.69255611126767
26.416187972065586
26.11678915459666
25.794359658860905
25.448899484858302
25.080408632588863
24.688887102052576
24.274334893249453
23.836752006179495
23.376138440842695
22.892494197239067
22.38581927536857
21.85611367523125
21.30337739682708
20.727610440156084
20.12881280521826
19.506984492013558
18.862125500542035
18.19423583080369
17.50331548279847
16.789364456526428
16.05238275198755
15.292370369181825
14.509327308109263
13.703253568769853
12.874149151163621
12.022014055290526
11.14684828115061
10.248651828743846
9.327424698070232
8.383166889129797
7.415878401922527
6.425559236448379
5.412209392707425
4.375828870699635
3.3164176704249684
2.233975791883495
1.128503235075172
1.4210854715202004e-14
