0.0
0.44550244785648535
0.8910048957129707
1.336507343569456
1.7820097914259414
2.2275122392824267
2.673014687138912
3.1185171349953973
3.564019582851883
4.009522030708368
4.455024478564853
4.900526926421339
5.346029374277824
5.79153182213431
6.237034269990795
6.68253671784728
7.128039165703766
7.573541613560251
8.019044061416736
8.464546509273221
8.910048957129707
9.355551404986192
9.801053852842678
10.246556300699163
10.692058748555649
11.137561196412134
11.58306364426862
12.028566092125104
12.47406853998159
12.919570987838075
13.36507343569456
13.810575883551046
14.256078331407531
14.701580779264017
15.147083227120502
15.592585674976988
16.03808812283347
16.48359057068996
16.929093018546443
17.37459546640293
17.820097914259414
18.2656003621159
18.711102809972385
19.15660525782887
19.602107705685356
20.04761015354184
20.493112601398327
20.93861504925481
21.384117497111298
21.82961994496778

-0.0
-0.10874475977818107
-0.29799250150438017
-0.5677432251785971
-0.9179969308008322
-1.348753618371085
-1.860013287889356
-2.451775939355645
-3.1240415727699524
-3.8768101881322763
-4.71008178544262
-5.623856364700981
-6.618133925907359
-7.692914469061757
-8.84819799416417
-10.083984501214603
-11.400273990213055
-12.797066461159524
-14.274361914054007
-15.832160348896515
-17.470461765687038
-19.18926616442558
-20.98857354511214
-22.868383907746715
-24.828697252329306
-26.86951357885992
-28.990832887338552
-31.192655177765197
-33.47498045013987
-35.83780870446255
-38.281139940733254
-40.804974158951964
-43.40931135911872
-46.094151541233465
-48.85949470529625
-51.705340851307035
-54.631689979265836
-57.638542089172674
-60.72589718102752
-63.893755254830396
-67.14211631058126
-70.47098034828018
-73.88034736792709
-77.37021736952201
-80.94059035306498
-84.59146631855593
-88.32284526599494
-92.13472719538196
-96.02711210671696
-100.00000000000001
